mit dem 0661666166166666 6663116666. 693

ι 66 man 6166 66666 066 8166366 3666616661, 6166616666 6160666 666 6666 066

Hand. Es 666066 6666 016 661666 6066 11111636 (11611116 66066666 36666661)

ι 66 066 Β661116 6066 066661 0661666666 660 66 066 66636 ’6666 66316166 36-
, 6666661. 12161166666666161666616,66631066 6660 6616166166116 6116313, 016

(111166, 8666666116 660 (1611606 616 660 666 16 016 6611666666616661616066
6666166 6666660066 11666 6611 1161066, 06111666, 1161611666, 66666 (16611366
61636166366 660 gleichsam 666666661661; 06666666 166161161166606166166 Ein-

, 660 2636166666366 66160 66 066 (6666166666 (11161666 660 Η11166 6606611366
61661 durch 1166166611 606611661611661601366 (166606166666 36666661666066, ’

0661661666 66 0666 06666666666 616161 660660. ·

11666 6666 0666 6606660066 86116 660 8161116 1616161166, 016 61661661
6666 066 6606611666 8006666666 6666661066, 366666661 man 6166611666
eines 36616666 1066666. Die 1161666 66666 616 06366666 6066 16616 666666
3166616666, 066 12 Perticae 6066 8166366 666111 660 2416633666616 066
66160 666 120866666666111660 240 1663, 660 6666666 66611610 28800 36-

’ 6166166 866666. 16 0106166666366666616666 150 3661661661161666 16 einen ,

Μ66366, 06666 jede 16 8666616 1663 660 666111 161660 6166 266 366166166
866666663661111, 066 611666 38400 366166166 6666666 0666 66 6666661 man
6606616616 Μ66366 111661616666661, 66661166 51600 366166166 866666, 066161 ι

36660 666666166611 1666066616 bey 616666 6163666 Romano. Ζ611116666663 “

1661 616 816616 061666, 200 666666 1663 660 666111 (das ist 40000 366166166
866666 36666) 616 «summ. Zu Franekfurt 661166, 6666 Η61611066613, 160

3631661661161666, 016 06 macheu 26600 366166166 866666, 6161666 061666
36 66.

1266666666 66 1666166 6666 616 06666 10666666 61666 66666666 66ιο016
28800 36616616 8666616 116616666611666666 16 66666 01611166 (016 66 066 6663
6 866666 6606166 am Feld 36 36616066 86166616 661) 6161661166, 16116666 800

3 366166166 11160166 1116 616 1166066666 16616, 40 16 016 6663 660 20 16 016

8661116, 60661600 1116 616 1166166666316666616666661, 40 16 016 Longe 6661
Β661116, 666666 66661 6166661661. ,

11666 6666 066 6161611136 6166611166 66116, 0666 66 61661 61666 6666 0666
6666666 2666, 0610 6066 6166113 3666, 066666 ist er No. 69. 6610060113 66666616
6106 66 66666, 0666 616 1166666666 1666 666 800 1116111666 66666 mal 66 1663
616 666111 61666 6666 6666 666 120 01601666, 01666 2666 120 01611166 1663
116 366 1146 366166166 01611166 6161666366, 66666 66 66666613666066166161, 66

. 1666 auch nur 424, 660 6611166 3666616616 6161663666, 66666 man jhne 66 weit

66616661. Wie 6666 6666 0666 666666116666 0661661, 0666666663 6066 Ρ16616
666666666 6666, 6166161161066 06616666 1663611166, 116061 6166666 No. 12. 6166

¹ No. 23, 6660661166 No. 16.

Laud 6066116166 1116666 1616616 61166 06166, 660 6616611 man den 111166.
Β66666, 0666 6 666666 6611 61666 8666111, 1000 8666111 6611 616 66116666
Μ6116636666161666066, 660 666666 ’16616666 Μ61166 666 4 (Parasangae Ρ66-Ι
sarum) 16 6 1116116666 616666, 6166661166 66616 66661366 06664 (Leucae Gallorum),

³ 6066 66666 0666 6, 6666 0666 66 60636661 60666666, 660 016 Ρ16166, Fuisse,
¹ 1161166666, 11116066, 8661116666, 811111 6066 10116161 0616111663 zum Zehlen geben.

66. om 666661 mat aer 666 616 6666 ammaum 666666 vamum.

06666116 36616 Τ6616661660 661666 11166666 016 Μ66616 16 16 Lot 36-
11661161 61601, 6666116666666 016 066666 No. 92. 666636106661, 066666 660 66611

 

