610 00110110101100101 10001Βο011οἱ0.

1101100 1000011111 0000 Κο11010 100 0010110101 (10011001 Eruet 1100010010
eet, vnd 1000 010001 1100100 Canop 0100001001-110001110100 1110101011,
61111101, 1100010110( 10 61011 111010100, 00011001 einen 0010010111ὠο
110001( 01010100011 ’ ·

00110100 010 10010100110101101, 0100 so 0011111010 1000 11011111,
halb 1010111111 Pulvere 0011 010 110001 10110111, 10 010100 0111 00101110·
1111 000 diameter em Mundloeh 0010 (1000101100. 11100 1110 00110111(
10010100 1101010 Ρο00100 am Staeb, 10110 11100011, 11100 101 00010 010 (1
bum vender 010101011οι1 1101010101 diametro 312, 01011101 30311316, 01
ine 1111101011 0001 (10111011 001 162 111. 100 12 Loth, 0011010011 111011
0111000 0100011001011011101101 17100 010 11101111, 010 00100 3 1100011111
010 10100 000 diameter 10 0101101101Ρ1000 111100 1101101011101,1111101111
01101100110101000 0111110101 01000 Ρ1100011100111110101101 (11111011 31110·
1011010001 Lintzer 10110 1101 1111. 111101 1100 0010 61010 1111101100 1101
10101101 ’10110011- 1010, 0100 001 10001110, 1101101 011 11110101101 1101101
10101101101, 0100 0111101101. ,

’ 0011-111111 1. 0. 11. 01. 111. 111. etune
Diemeter 1001. 6. 9. 11. 11. 1111111011.

Wee 01 10110101 (110 11010-Ε10111111001 1011 0010 0101010111, 1101
01010100 001000 101110101001, 0100 0101110101 1011 1000111111 1101110111
01011101 114112 0001 6 6010100, 10100 000 diameter 11118Ρ1000 1110101111
«1011110 0101011101 1111110100 0 6010100 11114 Ρ1000 81010 0011000, 010 01
1111010101010 0101 10010010 (10111011 0110 16. Ρ1000 mehr. 1001111101 111
0110011010 ellwegen 16 Ρ1000 1111 1, 100 0110100 aleo 1111110100 1510011
64 Ρ1000 11000, 01010000 60101 mehr 0100 4 11000. 11011101 000 110
0101111110 4 100 01011111 0001 010 011111111 Ρ1000 1111 jedes Ρ1000 Sum,
0011011 11110 010 1111101 0101 10000 801010 000 0111010101 10 einer 1111011011
11000Β10101010101001000111011. 11101101 Aetherem 010100 No. 9111·

101010001101101110000, weil eie 0001 001101101001, 1100 10101000 1001011
1001 111 010 Weil 10 11111100, 101101 100110100100 11001011 011 0001011110
00111011, 10000110. ¹⁰)

, 0101

 

