11414-114141-11141114111. 101

¹ 1111114114 ΕΘ 3, 14 1141441141, 14114 EG 3 14114, 1411411141 1411441414τῦ3 tte,
11411 123 44141141 AB.

Item 4ο mir ΘΒ 14114411 1141114, 1441114127, 441141 dem halben 1141114141 AB
123, zu 11111411 144 Β4114 414111411441 (1444 8414111141 ΕΘ, 44 441114114111411414. '
114414 Ζ411411 jede 14 4141 441111. 44 11411141 729 141 tutte, 14 zeueh 41 144 11141441
vom grestem, 11411114400, 141 1411144111 1141141144] 1520, 11444441411414111
123, 114111114 ΕΘ 3. .

11. 11111 44411114 1144414441 1414144141 (141 4444114144.

11111414 14144 411 nur 144 41441144 114441 4141 4411411141 44144141,
1111411411 144 141 1141444 11444, 4111144 41441441411414114414, wie viel Eleu,
1141414411 41 114 4441411444 1141111141 1141141411414141, 141 1114111411 114
8411414411 4441, 144 111411 1144 gen 81411 14114 1141 14114411144144, 14144141
41411 11411ς 141 1111 111 141 41414 14111441 aud die 11411111448414411,
Spauuen, 1411, 1141144, 11411141 dergleichen.

Die 441414 341144 141Μ4414 41414141111141141 141 11411, 14111411
4141 (1141411444, 141414114144441114141 1111 (1114411441 1111441414, 414 141,
, 14 144 (1441411 1144141 4141 14144144 1144, 4444144 gar deutlich 44414141, 1144
4411 1414 Β41411 liegt 1114 4111 (14141111 aud 14114141, 141 1141 41411 411411
wie 411 4144141141 4141 4444444444 11111. 1114841144 der 444111141141141
4141 durch 144 141144 41414414114111 11144144 14 11411414 141 14 (114 1114141
4141 Breitte: 141 14141144 14111441 14144 bey 141 1441411411 114 11411,Ι
1441141411, 14441411 4141 Morgeu, 14111414 4141 Acheru, weingarten 4141
1141144 141 dergleiehen. Item 11444 1444 114 8411414411 negt, 41411141441
1444 11411, 14141414, 41411 44 1111144141414 41441 1411 4414414 1411 14-
144111. ln disent 441411114141441 41111 4441 bey 144 Kuuetmeeseru ge· ,
1144411 414 1414111414, 141 141 ersten 14141441 4144114444 14144141. Α1114111
Exempel, der Schuch hedeutet 1141441144 411111414411411411, 144 414418414414
lang 141 11411 141, 141 11444 (141 diameter 1414 (11141414 44114111 11111 14
1011000 41414141 Γ11411 414114114144, 14111111 414 jede 44141414114144411
geviert 1414141144, 1144 1441141 4111141144 1411, «11414144 14414141441141
1144141114 14144114411141111111, 40000000000 1414141 11141441 441141141141-
14144 114144.

Die 111114 841144 141 Μ4414 4141 quantitet 111 141 junere Corpus, 44
1444 41411 41141 (44 444 1444 141414141114), 14141 41 (1114411441 4144441
1414441; 44111414 (1441444 111141414141411141, 144444 ’111444 11411114 4141
11111 deu Fleisehhaukeru deu (11111 444144 mag, 144414 teutsche Werekleuthe
141144114441144 114111 11411 4141 (11411441 411 41144444 juueu 1411141,
, mag 4144 44 144441144114141 titulieru. 11444 141 Zeug iuweudig 14141-
4444 gleieh 141, 1444 44 meg 111441 4441 144 (14111411 4141 114 84111114
heisten. Danu nieht 114 Leng, nieht die 4111414 114411 4141 1411, 1441414
die gentze jnnere Fullo 4141 Leih gibt 144 (14111411. 1144841144 141 queu-
1114114114141411 durch 14141414 41414414 Μ4441 4141144, 14 11414444, 14 114
Zwehr 4141314114 141111 114 Η114 4141114114, 141 4144 14 drey Wege.
144 1414141 1141144144 Meseung wegen, weil 11411111 114 11411141144 414 Eud
14144, 41111 4441 114 Zahl drey 1111 1411141444 gehalten.

Dieeen 1411144114144 144 141 'l'eutsehen 114 11411 11111141, 1441141144,
Seydl, 11441 Μ41, Μ41444, 8111411, 1141141414. 14141141411141444441114
Κ44411441441 1111441144 41444 jedeu Numen, der im 414144 14141441 4144
114444, im 4111414 4144 Β14114 1414111141, 4114411414441141 441141414-

 

