wammam 881

1³oe 1999, 8199, 8795. 9188 8888811, 188 888 51818888 988818 nr 9148881 909,
ΗΔΒ, 8888155 me. 69Ηο9 75,5 898858188918885888888888, 88858181838894
Gnrte'l 88848, 23848, 848848.

98 8888 7781388 88188588 99 888 99 haben 8818 811588818 385858 818 71
von 8888 diametro 99, 88881185 894, 784, 1158, 818 8818181185 8885 Na 94.“ 889
8888818, 88881185 88 99, 9588, 3911, 4894, 88 81888 8188 8888885888 888188 899319
31996,,4 55534 94 8888 8818588 8885 No. 94. 8888 19. 38988888 81888 888 7181388
84574, 9438878, 436163 Nun 88888 58188 7781388 8881188881 88888888, 88 88·-

888388 81818 der 9888881888 3884888 98881188 7458 89 9878898, 4714979 77888 ’

man 8188 988888 81858 8811 818 018888888888883 8885888, 8888888 nur 8818188188 818
38888881881183818888188885118. 59, 88 5181888 818 nur 799111, 9616184, 4995589
nd 8188 8885 888 39, 94,59858118881388.

, ,4588 88818 888 1181518883 8888188888 nd 8888888 17813888 118881 8888 888 11898
8841 818 118381· 888 8118 888888 1188888388 858 78888885818 8188 79114, 961879,
469991118888888888 8888888588, 8888 diser 9881518883, 818 hey 88118588 1781881818
rem im 988885 188, 81858 88 888888 8888.

54. 011888· mmmm, Kmdomfflmflpmmm

(Ex opln. 85888. 96, 781. N. 18899.)

. 41118 81888 9138888 ξ18885 8538888888) ²⁸⁸·st
98888 8185 88 888 11988888. 17888 dnn gu·-
88188188, 8888 88 1118 8188 18888883 8838, 88 Ῑ
81885 81188838 158 88888888 8811815138 91388
,(1881, do 88 1818888118 ammuh& 0
·88858881858888, 8888 m 8818583888818·
888, 88 188888 8888 8188881588 8885 8188
1815188158 Fiam 8885888, Du· 4888 du·

118388 BE (1818588 3881885818 «nb 818 go·
88888118 mem 18989888 munden 888· 9
888 1888) m 9858 4188988 8888 mittem Ι
’118811 81888 8518838801489818 88588, no 8881888 J
8888 518. 49, 988 8858188 der 388881888118·

381 (8888888588 88888 der Βο388 ΕΒ 8885

«BA humb 188115) 888 8881981185 818 zahl

881888 1988888 mit 888 zahl 8188118188, 818

*tm 1888888 188 dun 818 91185 Est„ 188. A

⁸ 88 818 01888888888883 ‹bn-ch NB 88888888-

³ 1888, 8888 88 818 gemmet 018858158388 188,

; · 88 888588 8888 No. 87. 88. 888 983818858188,

wie 8885 118. 69. 388838, 888 multiplicis

881888 18118 18 818 8611138 nauh 1145188

88 818 &upon-0101 Hermundulus, 81188· ,
1185 88 8185181111 (8888818 8888888888) 8888 κ’
uem ,88888888 Thai! 888 88188 eins 9
85188388 01881818 88188, 8ο 8885888888 No. 40.

888 8858188 der 85188388 98381 888 888181- .
811818 881888 1881518 81818181,818188388188 .

 

