551 ¹ oosteneiehirches

Eud 51511 515515 511551 15 Β5155, gehe 1511 1515 551555 5115555 1155155511, uu
1115515 115 genezeSehnur 1515 15 51555 (11551551 551555. 851155 11511 515151, die
Suhuur 555551555155, 1555 151511555515151515, 11511 15 51515115 11515 mundent.
Wann 5115515 551155 115155 3555551551 werden, 5ο 111511 1555 151155 arn mei·
51555515,115155511515515 15515155, 55 doch, 155 115 115155 55511 15 einer
gleiehen 015515155155511151551115151155, 1555 15 1511515555, 15 weniger 515
515155555. ,
85155 115 5511555 5511 120 85115511 laug3 1555115 1555555 51555 Triangnl,
155 5511 15551555 8511155 habe 20, 551155551555 45, 5511 1551511155 55,
155155155155115511515555 424 lung— rud 11551115 85155515 1151155 5151553511.
051555 55 515 115515 1155555, 5151115115155 30, 40, 50, 1511155111 sehon 300
815515 1151155 5151551511, 15155 51555 85115511 langvnd 115511. 051555 den
Triungel gur recht, 1115111511 5155 40, 40, 40, 15 1555555551111555511 693 85115511.
15155515 1515555115555155, rud 5515115 seyen 55511151 155515511511 155 51151555
5555151551511355 Triangulu, die 5511 151 15515155 3511155 55 einander 51511551,
115511555555155555111158515555155 15 115 4 8511155 10, 30, 35, 45,115
1555115155551150. 011555 55 1155555, 51551151 reehtwinekelig rud gegunvber
gleiuh, 515 20, 40, 20, 40, 155 rmbgdrtet 800. Mache noch gleieher, 511551)-
1151515,35,25,35, 15 1115515 815 5151551511. Mache gar gleich, 515 30,
30, 30, 30, 1555 111511 155 11511 900. So du 51155 115111515111151551551,
1555Ι 515 515111 1151515 11111155, eundern 5551511 155 Vieruug 115115 515 Renum,
mitten durch von eim stumpffen Eek 5551 andern 55515 30, 5ο fiengestn 515
900 515111 555155 1555 119, 5155 55515 bey 25, 35, 25,· 35, 11555 115 Figat
51515 unget, 1555 115 55155 1155515135 (1111115511) einander vngleich 151 der
lengere 5011151, 55 1151551515 1115115 vorige 315 nur 812. Gehe 1151155,
1555155115 15111555 1115115515 155 guter ordnung, 5155 15551515 851155 24 115-
1551555, 151551555515 551155 991. 11111515 5551555511, 15 1515 8511155 10
1515511151039515511511. Μ11 dem 15151551, 15 1515 851155 15 1151,
11151111 1086 15155155155. ,
· 1151111511 115515 115 8511555 zum (11551151 11151, 1151515511 515 1145, rud
5555155 15 15155115)1 Wege 1555515 mehr eiusaugen. Dieen 115111 111511 Dido
gebrauehet 1151155, 15515 155 155 Μ55111551555 55111 Laudes 15511, 515 5155
1511 einer Oehsenhaut belegen mdge.

1115 5151511511 uber rud 55511 uotwendig 1155 11155555515111 551, 155515
5555 5111511515 volgenden Exempelu zueruehen: Wenu 15 511 85155511 5155
111155 gnug 15511551, 115 (15511511 5511151551 55 15511511 15 51151 3551555555-
men 151-155511 55555111551155, 1555 15 5515551 1515115511 115 Β5515 1155555 in
51555 01551551, 515 11555 515 15 zuen 0155151 1551115111 1155155. 1115511555
515 55151155 Η551151 11111 1515155 1551 515151 115555 5155 15111515 gaug, 55
,551155 115 Β15155 51511 1111155, 1555 515 115 1551515 51511155 15151555 11155155
1555515115155, 551155 155155 grosse 1115555 15551155. Zu 55115555 1555 1151155-
beu 515111 15551155, 51155 5155 springe 515111515511 rud 1155515155 5151115111
155511, 1555 515 55151 5551 15555155, 11555 15 515 55 15551551, su 1115115555
der Ruudung 5155 ublengeu (11551515 eundern, 115 155551 miger, 15555 5155
springen ‚· weil 155 Gurbeu 511511 111511. Dius 151 555515115551155 51515,
11515515 115 uude, eunderlieh die Benehraiffe‚ 155 vollen 11155555 springen,
je 5115 15 1515555 51555151, 11555 mun 515 55111551Β55511 11511551

1155155 3555151511 ungefruueen 151 15551155, 155 lige 511 1155511155-
115155 51511 dem 11551511, 1555 5511 155 8511555 551 5151155515 55 55151155 811151
51511555155 155555, 11155 55 515155 5535111151, 55 55151115 51511 5555551155 151

 

