510 Oeeeerreiehieehee

01000100, 0101101000 140101101οο 00010111010 11, wie 101001 111101, 1100
0101010 1101000 400 101010 0110101, 10101314 0010001 1101001 100 01010001
1101001. 1100 0000 11111 001 01111011 801100 000101001011100οΜ0000 110110 010
Wirffel 0011 21 111100110, 00 0011 010 110001 110 1011001 11 Ρ10011; 11000 0000

010 01000 00000101001010110 8000 Ρ10110, 1110111 werde deren 0101000, werre
10000 001 Κ11001 1101100 001101 1010100100 00111 4100 110110. 1100000000-
010111, 1110 000001, 101001001000000110001110110111111110, 000011 0011101000
10001 010 01010000 1001011000 Μο00.

Ee 01110001 1110110001 00111 0000 10110110 01110000 1111100, 00 010 Zeh-
100 00 001000, 100 01000 001000100 01011, 00011000, 01011100 00011 be·
0001100, 1000101000001 0001100001 werden. 110000010110101101000001000
00 001 10 eidem 0100000, jenem 1001101100, 0100100, 010 001 0000100 01110 010
11000010 01001000010 1101100 00011000 101 Wenn ich 0000110100, dese 010
00100101 Leib 01011 0011 00000 01110111 000010 11010, wie 0000 011000 00100-
100 Limen 000100100το 0100 00000 0001 000010, dane 00 01001011 11010010·
011011 durch 001111 010 0100 111010101οἰῃο 001000 1101, 1100 gibt dee 00101110
001000, 10101101 10011000 000010 Corpus, 000 1011 000 10001100 001100. 11001
010 101 00 0100011, dese 0010101001011 01001 00000 00100010100100101011-
000000010 11111011, 0000010 01000100 1111 01011 selber, 0001000100000010

’ beiden reumliehen Leibern etehen, 00 0100011 0100001011οη 01010000 01000-

00100011011011 01100. Ale 10 0110100 Κο0010, 0000 010 0100 Lini were der
diameter 00 001 0100000 Κο001, 00 wire die endere gewiselieh nieht der 1110-
010101 00 001 11010010 1100010000 00111, 0000010 0101110001 1101 010 81001
deren, 0001000 einer 801100 0101100.

13. Dare die 0011011 endor einander 0010101001 01011 nieht 10 die 110001 00111·
0111101100, 010100000000110 Vonded.

Wenrr eber die eine Ζ1111 100 001 1010000 00010101, 010 endere rom
Zeun 00100, 0001 0100100 100 001 Wand, die 000010 rom innerliehen 1100111,
010 0110 100 001 110011, 010 andere vom Gewieht, 010 0100 1011 0010010000
110011 0001111010, die 00001 100 00101010 0001111110, 00 0000010 jede
Sorten der 0111100000 00010011000011 110000 0000111 001001 0101000011 110000 10
01010001 Wdrden gehelten werde: ele 0110 11000111 100 100 jederen der 010-
meter 00010, 1101001100 0001100 ven 0111010 jeden 00101100001101801100,
001111 ee 011101001010110001 00111, 0000010 11110001 0100111010 010110001 de-
010000 100 0000101110Ιο 010 110001 000001, 0100 001000ος 1000100110ηοοἰᾱο
1100101000001 1010100101.

Der 01010 Fell, wenn eine Zahl 1101010 0101001011000000001101, die
ander eine Feldung‚ 00 0111100010 quinque, 0000 jede 0111100110 [1000 01000
00001001 0000101 100 0000111011 001110110111 werden, demit 010 0000 00111 11010
werde, 100 01000000 0111 0101 010 Rege} 00111.

Exempel: 10 0100111 0110101 10 001001 01011 010 0101110101 werden 01000100οε0
100 0100100110 einer 00010000 Maera, 1110111 deren 010011 1101011 0100111 01101101,
deenen 11101110 0111 dimeter 22 00110011 111110 001100 010 10100 0102211111 01110
0101110110 Zwerlini 0010 0100101010, 00 00011 001 0001011001011011110 000 langen Weg
0001011101, 100 0111 010001 Βο01000011011111011 111101. Η1000000 010 100 00000100 des
1000001100010, 0010 00 0010010011 durch die 100010 quinque eleo: 19. 10 0010000111
361 gibt 100, 1100 22. 22 001110110111 4841 10101 131, 00111 101 dees Feldee im 0111101
10022 0011001100, 0111 der rotigen 11000 0011100000.

 

