u 11111-111111111111111. 611

Art 11111111111111111111111111 1116111ο1111111,11111101111111111,ι111 ⁷

11111111 61111 11111 6111 11111 611 1111111.

0111 111111 zu 11111111 111111 auch 116 611Βο1111111,1111111111 111111
¹ 11111(111161111181111Δ 1111111111111111111) gemacht 1111611 1611 1111111 nit
¹ viel uiderer oder 1111111 11116 61111 111 1111111111, 61 1111111111 den 1111111111

, auch 116 611 11111116 6111 Βο6111 116 mosset 11111111 1111 oben an 611 111161
, gerad gegenvber; 61111111 man also 1111 116 1111 111111111, 111 1111111 1111111

1111111111 ο611 ob 1111 mit 11111 1111111; 111111 11 1111111111, 6111 611 111111 611

Emmer 116 1111111111, 1ο 1111 61111111111111111 11111111 111161, 6116111111111
nur halben 11111.

84. Womn 11111 1111111111 7111111111 111 Hand oder 6111 1111111111 6811111111 zu
11111· 1111111 11111111 nicht 1111 9111 ware, 1111 1116111 611 0111111611ιῆ1 Fam
111111 1111611 1111161111111.

So 111111111111611 stab, 111111 jhno 1111 1111 6111111111111111111111111,

¹ 1111111611111131111611111111181111, 1111111, 1111111 8111111 1611Ζό111
¹ 6111111111611111111111 im 11111 111111. 11111 1111111111 116 61111111111111

¹ 1111111111. 80. 11161111 1111111, 11111111111111111 1161 Anzan! 611 zolio 11611111.

1111111111, 1111111111 111111 ι 111111 ιιι 111111, 11111
6111111 11 611 1111111111· 6111 83 11111111 11111111 111 40 1111161111 116 11111111

. 6111 33 mitterer 11141, 6111 ,1111 11111 1096 1111111 11111111, 61111 1111111111

1106 6111111111, 1111461111 116 1011111 haben 1102, 611111 11116 1111111016

¹ 116 11111111 41111111 6111111106.

8111111111 11111118111111111111161 daun 6 1111111111 61116111 Lemo .

, ,1111 1111111111111616111111,1ο11111611161111616116111111111 1611

 

1111111111 611 1111161111 Longe 11 8111111111, 261111 116111111111111111111, 11111

111 wolin, 1111 111111 11111111 anzeige, 61111111111111111118, 11111 du 611 11111-

11111 1111111111, 1611111111,1111161 das.dritthail‚ ο611111164, 11111 61 611

, 111111111111111111111, ιο1111111116111111111111161111111111Ρωθε. -

2 . 211611111111111111611111116111111111811111111111111111111081111
116 8 11111111 11 nun 1111161111 6 611111, 1ο 11111111 11 116 11111 1 8111111 qud

116111111111 71111, 6111111168 11111111 1111111111 111 Γ1111111, 1116161111, 6111 4
1110 gehen 3ss mitterer Emmer, 116 1119 geben 40 mitterer 6111111, 611. 1161111111ιί

111 88 116 11111ι 1114 1111111111111111168 1111161111 11401111 111611 111111
. 11111 6111111111111169, 1161111111 1111111 6111 6118611111,1111111111161111 ¹

’ 11111111111111111111891111111.116111116161111111111111111111,1111116111-

cir 39 mit 8, 1111111 611 812 11111111 11111 111, 611 111 bey 811 Ε1111111, 11 111 111111 ¹

das Ι1811111111,61181111111 15 1111111 8111111 116 1111116111 11111111,111111111

¹ ' 11111611611111111 111111,61111111111111111111111 111111 11111 611-111111
611 6111111111, 1 81111 116 anderthalben 11116111151111 11111 11111. 11111111 6111

’ 33 mitterer 11111111, weil du 61111 611 6111111111] 1111111111,1ο11116111111891111

216111111111058,1111111111ο611111111110506111111116111111111 1111111111
Fesser 11111111,1111 1116 611 11111 1126 11111111 11111111, 611 1111111 0111111111ωοί·
nes Wissens gaug.

“ Ζιι Heydelberg 111111111111111,611111111111 1611 ’1111111 11116 27 811111
¹ 11116118161116, 11111111111861111111111,11111111116111111111111111111·
¹ 1111111116111111111111116111116.11111111111611111111111111811111116611
11111116111161111,11111112681111,1166111111111111 18 8111111, 611Βὸ6111
11116111111116811111,1111111111 6111411111111111111111, (1111111 11111111 21
81111. 11116118111111 1111111111111 61111101111111111111111111 Gaetu,

Koplerl 01111 V. 31

 

