0

ιζι
43³³
5¹⁴2* ,
ἐ
,1
3³.

,ι

ι
1
ιςλ ’ ”
,Ξ
17
11 .
ᾖ...

ι

1103101οι aller Numerorum 000 1110000101οι 101000 10 01000
7001 00301000.

1010011011. 1101. 700 11010000131011 0000 710100000. 770000010100000 3001-
000 000000000117010010100000. ³. 101011 0000 30101ιο0 00001100. 1. 700 000000110100
0001011 010077010100000. ³. 700 10001110100 1100000 011000000 000000 1100000. 017000
01001010 7001100100 000 0110001000, 0100 0000 000 000000 0000010οι. 7. vom 7000100100
0000131101. ³. 7710 000 Mam zu 0000101000 7 7700000000,Βο]1ι,10010010100,170000·
schneider 001000, wa ιιι 110000, 1100 000 000000 010000. 10. 1000ιο000 010 800000, 000
Βο11ι 0000 000 01000100. 11. 1101110003 000 0003001031000000100 000000001110100. 17.
77101000 010 00000011011010 000100 0101 0000000 0001010010 0101030100101. 1100 101007.
010000110101110100000070300,1010,10000000001011000100100101, 000000 000
1010 00017000 000 10301. 13. Dm 010 000100 0000001000000000000301, 010101011011-
100300 0000000 10 00 101 00110100, 00000000 10 000100 000 00 sept. 0000010000000003101.
³11. 000001110- 1000- 000001000101000010003101. ³11. ³1³. 14. 70000010100031001000
0100101. 1³ 1010003 0000 00100300 01001010 000 011 000 3000011οο 0003110100.10.11100-
1000101000 000 3000000 01010100 01030000100000.1010000000.11003000000101130000 100
0100101000000 000 0100101. 17 70010101001001010000 00010 0101010000110, 0001
00000101 ³1³. 010 0011110100 101010. 1110100 301001 0000 No. ³³: geraehte 000 0010030
0100101000110030001101.1010100031010301001011.Η101003000010000110.0701000·
00100 30001101. 17. 700 000000 1010 00001000 0010301. 70. 700 30010 000000 1010
00 00010301. 71. 77. 700 000000101000103010000110. 77. 1010 00 03110000 0000
7701100. 71. 70011000 00070010010007101100 70-77. 7001000000003003110100 000100
000103010. 1110100 301001 0000170.07.00010010000001101010010000010. 771700
1030100101110 0000 770130000101110 seyen, 000 010011 0000011000. 00. ordnung 000 01300-
0010010000001000. 31010031101000000000103010010111000000000100010000771700

110000110101301130000 000000010301001011100 100000, 0100 0011010 11300 010001000οι.

1100 101. 077 010 010 0030010110 010010 0000 1000 11000 00000000. ³³. 70010 0000 00-
100300 10301. 71. 700 Ηο00010000. 1110100 3011101010 100010 0000110.07; 1000001100
00001000. 70. 700 0003 0000100101001100. ³³. 700 103010οι00. ³7. 700103010000110.
30 11010 0100000 000 101. 073 010 0010110100 1110110 ιι 00010301001011000 0001000001
00001000 0000 000 700100000003 101. 017. 77. 1700 010 30000110 0000110030103010 m:
001017030010000. 10. 700 0010030010301001011000, 0000301001 0000170 0701010-
001ιι(10000110000010030103010010110030001101.1117700001110013000 10301
011010100οι 1110000. 44 7008011100 0000 0010111000 0000 0001701100, 1100 0001700000
7700000001003 101. 070. 10. 700 1011000000 000 800100 0007101100.10.700 Zm-
01001000000101000800100,000710000000300000; 0011111- 0000010- 0011000000οα03.
47. 700 11010000 103000011017700 1030100011. 17. 00. 01. 07. 700 1030110000
000 01001 07. 0117013000 0001031010 1110000 00011001. 001030100101100, 0000010-
0110 0001 101 001. 01000 ³³. 7001110300 ³7. 7000001100000011103 000103010010-
000. 00. 700 031101, (1011100- 100 100010000οι03οο 07. 700 000 0110000000οω 000
0001100 013001110οο0 1000000001 000100000000003. 00. 0100 0130010101 010 010 1000, 101.
017, 0100 1000000 0000000000003000 00111300 1000ρο1 000 1000000003. 01. 10301 30-
001101 07. 1010030, 300000110 000 30000110 103010 30001101, ³³. 1030100101100 mit 01-
1000000000300 30001101, 000 000003 01010010000110010003 00010001000. 01. 700 oum·
10000ρο0·10100000-0000001000000300,000100010000003000013 ³³. 7100000110010
0101001100οι03 000010001000 003. 00. 7701010 3000000 000 1111300 0000 1110 andorn.
³7. 11000 0010110 000 01000 1100000300 ιιι 0001000.

0000011011001000110000000 (1000οΙ00110 010100001ωοογ 0001 000 naueh.

- ³³. 71000 01011000 3101010 770110 00000, 0010101010 0100000 am 3000000100. 70. -17000

0000 101000 01 000 0000000 7110000 3101010101 101, 0010001130 01000000 00 0010100 Bm

 

